translation: 
  x: -3.69159420173
  y: 1.22038672364
  z: -0.0
rotation: 
  x: 0.0
  y: -0.0
  z: -0.72607051287
  w: 0.687620251549
